function mpc = case_cm
%CASE9    Power flow data for 9 bus, 3 generator case.
%   Please see CASEFORMAT for details on the case file format.
%
%   Based on data from Joe H. Chow's book, p. 70.

%   MATPOWER
%   $Id: case9.m 2408 2014-10-22 20:41:33Z ray $

%% MATPOWER Case Format : Version 2
mpc.version = '2';

%%-----  Power Flow Data  -----%%
%% system MVA base
mpc.baseMVA = 100;

%% bus data
%	bus_i	type	Pd	Qd	Gs	Bs	area	Vm	Va	baseKV	zone	Vmax	Vmin
mpc.bus = [
%中双港													
22001	1	0	0	0	0	1	1	0	230	1	1.1	0.9	;
11001	1	0	0	0	0	1	1	0	115	1	1.1	0.9	;
3501	1	0	0	0	0	1	1	0	37	1	1.1	0.9	;
%堡北													
22002	1	0	0	0	0	1	1	0	230	1	1.1	0.9	;
11002	1	0	0	0	0	1	1	0	115	1	1.1	0.9	;
3502	1	0	0	0	0	1	1	0	37	1	1.1	0.9	;
%陈家镇													
22003	1	0	0	0	0	1	1	0	230	1	1.1	0.9	;
11003	1	0	0	0	0	1	1	0	115	1	1.1	0.9	;
3503	1	0	0	0	0	1	1	0	37	1	1.1	0.9	;
%南通海门													
22004	2	0	0	0	0	1	1	0	230	1	1.1	0.9	;
%长兴													
22005	2	0	0	0	0	1	1	0	230	1	1.1	0.9	;
11005	1	0	0	0	0	1	1	0	115	1	1.1	0.9	;
%南门													
111006	1	0	0	0	0	1	1	0	115	1	1.1	0.9	;
211006	1	0	0	0	0	1	1	0	230	1	1.1	0.9	;
3506	1	0	0	0	0	1	1	0	37	1	1.1	0.9	;
1006	1	0	0	0	0	1	1	0	10.5	1	1.1	0.9	;
%新海													
11007	1	0	0	0	0	1	1	0	115	1	1.1	0.9	;
3507	1	0	0	0	0	1	1	0	37	1	1.1	0.9	;
1007	1	0	0	0	0	1	1	0	10.5	1	1.1	0.9	;
%红星													
11008	1	0	0	0	0	1	1	0	115	1	1.1	0.9	;
3508	1	0	0	0	0	1	1	0	37	1	1.1	0.9	;
1008	1	0	0	0	0	1	1	0	10.5	1	1.1	0.9	;
%长江													
11009	1	0	0	0	0	1	1	0	115	1	1.1	0.9	;
3509	1	0	0	0	0	1	1	0	37	1	1.1	0.9	;
1009	1	0	0	0	0	1	1	0	10.5	1	1.1	0.9	;
%竖河													
111010	1	0	0	0	0	1	1	0	115	1	1.1	0.9	;
211010	1	0	0	0	0	1	1	0	115	1	1.1	0.9	;
3510	1	0	0	0	0	1	1	0	37	1	1.1	0.9	;
1010	1	0	0	0	0	1	1	0	10.5	1	1.1	0.9	;
%汲浜													
111011	1	0	0	0	0	1	1	0	115	1	1.1	0.9	;
211011	1	0	0	0	0	1	1	0	115	1	1.1	0.9	;
3511	1	0	0	0	0	1	1	0	37	1	1.1	0.9	;
1011	1	0	0	0	0	1	1	0	10.5	1	1.1	0.9	;
%展宏													
111012	1	0	0	0	0	1	1	0	115	1	1.1	0.9	;
211012	1	0	0	0	0	1	1	0	115	1	1.1	0.9	;
1012	1	0	0	0	0	1	1	0	10.5	1	1.1	0.9	;
%前卫风电													
11013	1	0	0	0	0	1	1	0	115	1	1.1	0.9	;
%南通崇海													
11014	2	0	0	0	0	1	1	0	115	1	1.1	0.9	;
%北堡风电													
11015	1	0	0	0	0	1	1	0	115	1	1.1	0.9	;
%北沿风电													
11016	1	0	0	0	0	1	1	0	115	1	1.1	0.9	;
%乔松													
13517	1	0	0	0	0	1	1	0	37	1	1.1	0.9	;
23517	1	0	0	0	0	1	1	0	37	1	1.1	0.9	;
1017	1	0	0	0	0	1	1	0	10.5	1	1.1	0.9	;
%建设													
3518	1	0	0	0	0	1	1	0	37	1	1.1	0.9	;
1018	1	0	0	0	0	1	1	0	10.5	1	1.1	0.9	;
%森林													
13519	1	0	0	0	0	1	1	0	37	1	1.1	0.9	;
23519	1	0	0	0	0	1	1	0	37	1	1.1	0.9	;
1019	1	0	0	0	0	1	1	0	10.5	1	1.1	0.9	;
%大同													
3520	1	0	0	0	0	1	1	0	37	1	1.1	0.9	;
1020	1	0	0	0	0	1	1	0	10.5	1	1.1	0.9	;
%大东船务													
3521	1	0	0	0	0	1	1	0	37	1	1.1	0.9	;
%湄洲													
13522	1	0	0	0	0	1	1	0	37	1	1.1	0.9	;
23522	1	0	0	0	0	1	1	0	37	1	1.1	0.9	;
1022	1	0	0	0	0	1	1	0	10.5	1	1.1	0.9	;
%明珠													
13523	1	0	0	0	0	1	1	0	37	1	1.1	0.9	;
23523	1	0	0	0	0	1	1	0	37	1	1.1	0.9	;
1023	1	0	0	0	0	1	1	0	10.5	1	1.1	0.9	;
%园区													
13524	1	0	0	0	0	1	1	0	37	1	1.1	0.9	;
23524	1	0	0	0	0	1	1	0	37	1	1.1	0.9	;
1024	1	0	0	0	0	1	1	0	10.5	1	1.1	0.9	;
%崇安													
13525	1	0	0	0	0	1	1	0	37	1	1.1	0.9	;
23525	1	0	0	0	0	1	1	0	37	1	1.1	0.9	;
1025	1	0	0	0	0	1	1	0	10.5	1	1.1	0.9	;
%新闸													
13526	1	0	0	0	0	1	1	0	37	1	1.1	0.9	;
23526	1	0	0	0	0	1	1	0	37	1	1.1	0.9	;
1026	1	0	0	0	0	1	1	0	10.5	1	1.1	0.9	;
%跃进													
13527	1	0	0	0	0	1	1	0	37	1	1.1	0.9	;
23527	1	0	0	0	0	1	1	0	37	1	1.1	0.9	;
1027	1	0	0	0	0	1	1	0	10.5	1	1.1	0.9	;
%东风西沙水库													
3528	1	0	0	0	0	1	1	0	37	1	1.1	0.9	;
%三星													
3529	1	0	0	0	0	1	1	0	37	1	1.1	0.9	;
1029	1	0	0	0	0	1	1	0	10.5	1	1.1	0.9	;
%庙镇													
3530	1	0	0	0	0	1	1	0	37	1	1.1	0.9	;
1030	1	0	0	0	0	1	1	0	10.5	1	1.1	0.9	;
%用户长江													
3531	1	0	0	0	0	1	1	0	37	1	1.1	0.9	;
%长征													
3532	1	0	0	0	0	1	1	0	37	1	1.1	0.9	;
1032	1	0	0	0	0	1	1	0	10.5	1	1.1	0.9	;
%东风													
13533	1	0	0	0	0	1	1	0	37	1	1.1	0.9	;
23533	1	0	0	0	0	1	1	0	37	1	1.1	0.9	;
1033	1	0	0	0	0	1	1	0	10.5	1	1.1	0.9	;
%启隆													
3534	1	0	0	0	0	1	1	0	37	1	1.1	0.9	;
1034	1	0	0	0	0	1	1	0	10.5	1	1.1	0.9	;
%前卫													
13535	1	0	0	0	0	1	1	0	37	1	1.1	0.9	;
23535	1	0	0	0	0	1	1	0	37	1	1.1	0.9	;
1035	1	0	0	0	0	1	1	0	10.5	1	1.1	0.9	;
%新河													
3536	1	0	0	0	0	1	1	0	37	1	1.1	0.9	;
1036	1	0	0	0	0	1	1	0	10.5	1	1.1	0.9	;
%富盛													
13537	1	0	0	0	0	1	1	0	37	1	1.1	0.9	;
23537	1	0	0	0	0	1	1	0	37	1	1.1	0.9	;
1037	1	0	0	0	0	1	1	0	10.5	1	1.1	0.9	;
%堡镇													
13538	1	0	0	0	0	1	1	0	37	1	1.1	0.9	;
23538	1	0	0	0	0	1	1	0	37	1	1.1	0.9	;
1038	1	0	0	0	0	1	1	0	10.5	1	1.1	0.9	;
%前进													
3539	1	0	0	0	0	1	1	0	37	1	1.1	0.9	;
1039	1	0	0	0	0	1	1	0	10.5	1	1.1	0.9	;
%上船													
13540	1	0	0	0	0	1	1	0	37	1	1.1	0.9	;
23540	1	0	0	0	0	1	1	0	37	1	1.1	0.9	;
1040	1	0	0	0	0	1	1	0	10.5	1	1.1	0.9	;
%港沿													
3541	1	0	0	0	0	1	1	0	37	1	1.1	0.9	;
1041	1	0	0	0	0	1	1	0	10.5	1	1.1	0.9	;
%裕安													
3542	1	0	0	0	0	1	1	0	37	1	1.1	0.9	;
1042	1	0	0	0	0	1	1	0	10.5	1	1.1	0.9	;
%陈东													
13543	1	0	0	0	0	1	1	0	37	1	1.1	0.9	;
23543	1	0	0	0	0	1	1	0	37	1	1.1	0.9	;
1043	1	0	0	0	0	1	1	0	10.5	1	1.1	0.9	;
%前哨													
3544	1	0	0	0	0	1	1	0	37	1	1.1	0.9	;
1044	1	0	0	0	0	1	1	0	10.5	1	1.1	0.9	;
%前哨风电													
3545	1	0	0	0	0	1	1	0	37	1	1.1	0.9	;
%五效													
3546	1	0	0	0	0	1	1	0	37	1	1.1	0.9	;
1046	1	0	0	0	0	1	1	0	10.5	1	1.1	0.9	;
%燃机													
22047	2	0	0	0	0	1	1	0	230	1	1.1	0.9	;


];

%% generator data
%	bus	Pg	Qg	Qmax	Qmin	Vg	mBase	status	Pmax	Pmin	Pc1	Pc2	Qc1min	Qc1max	Qc2min	Qc2max	ramp_agc	ramp_10	ramp_30	ramp_q	apf
mpc.gen = [
22004	0	0	300	-300	1	100	1	250	10	0	0	0	0	0	0	0	0	0	0	0	;	%	海门
22005	0	0	50	-50	1	100	1	250	10	0	0	0	0	0	0	0	0	0	0	0	;	%	长兴
11013	0	0	300	-300	1	100	1	250	10	0	0	0	0	0	0	0	0	0	0	0	;	%	前卫风
11014	0	0	300	-300	1	100	1	250	10	0	0	0	0	0	0	0	0	0	0	0	;	%	崇海
11015	0	0	300	-300	1	100	1	250	10	0	0	0	0	0	0	0	0	0	0	0	;	%	北堡风
11016	0	0	300	-300	1	100	1	250	10	0	0	0	0	0	0	0	0	0	0	0	;	%	北沿风
3545	0	0	300	-300	1	100	1	250	10	0	0	0	0	0	0	0	0	0	0	0	;	%	前哨风
22047	0	0	300	-300	1	100	1	250	10	0	0	0	0	0	0	0	0	0	0	0	;	%	燃气

];

%% branch data
%	fbus	tbus	r	x	b	rateA	rateB	rateC	ratio	angle	status	angmin	angmax
